1, ('ALMA', 50, 15)
1, ('ALMA', 61, 15)
1, ('HELAMAN', 5, 44)
1, ('ALMA', 52, 30)
1, ('ETHER', 13, 5)
1, ('HELAMAN', 6, 6)
1, ('ALMA', 28, 2)
1, ('HELAMAN', 1, 28)
1, ('1 NEPHI', 5, 16)
1, ('HELAMAN', 5, 37)
1, ('ALMA', 50, 26)
1, ('1 NEPHI', 2, 1)
1, ('1 NEPHI', 1, 5)
1, ('ALMA', 50, 19)
1, ('ALMA', 50, 28)
1, ('ALMA', 16, 5)
1, ('2 NEPHI', 2, 17)
1, ('ALMA', 43, 53)
1, ('HELAMAN', 6, 10)
1, ('HELAMAN', 2, 6)
1, ('ALMA', 62, 32)
1, ('ALMA', 36, 22)
1, ('ALMA', 62, 34)
1, ('MOSIAH', 2, 34)
1, ('HELAMAN', 4, 14)
1, ('1 NEPHI', 1, 18)
1, ('MOSIAH', 6, 4)
1, ('HELAMAN', 11, 19)
1, ('2 NEPHI', 4, 12)
1, ('HELAMAN', 5, 18)
1, ('ETHER', 12, 14)
1, ('HELAMAN', 5, 36)
1, ('ALMA', 9, 9)
1, ('ALMA', 51, 24)
1, ('HELAMAN', 1, 2)
1, ('ALMA', 49, 8)
1, ('ALMA', 49, 17)
1, ('HELAMAN', 5, 20)
1, ('1 NEPHI', 1, 4)
1, ('2 NEPHI', 1, 9)
1, ('ALMA', 51, 26)
1, ('ALMA', 43, 52)
1, ('ALMA', 52, 27)
1, ('MOSIAH', 29, 46)
1, ('ALMA', 10, 3)
1, ('ALMA', 52, 36)
1, ('HELAMAN', 11, 23)
1, ('HELAMAN', 5, 4)
1, ('ALMA', 62, 13)
1, ('ALMA', 59, 5)
1, ('ALMA', 51, 1)
1, ('1 NEPHI', 7, 1)
1, ('HELAMAN', 5, 22)
1, ('ALMA', 43, 36)
1, ('ALMA', 9, 13)
1, ('ALMA', 52, 29)
1, ('HELAMAN', 3, 21)
1, ('HELAMAN', 5, 15)
1, ('1 NEPHI', 5, 6)
1, ('JACOB', 2, 34)
1, ('ALMA', 50, 25)
1, ('ALMA', 18, 36)
1, ('ENOS', 7, 25)
1, ('ALMA', 52, 31)
1, ('HELAMAN', 5, 26)
1, ('ALMA', 53, 2)
1, ('HELAMAN', 8, 22)
1, ('2 NEPHI', 1, 6)
1, ('ALMA', 43, 40)
1, ('ALMA', 61, 18)
1, ('HELAMAN', 1, 1)
1, ('ALMA', 50, 27)
1, ('JACOB', 1, 1)
1, ('ALMA', 18, 38)
1, ('ALMA', 50, 36)
1, ('ALMA', 49, 16)
1, ('1 NEPHI', 18, 17)
1, ('ALMA', 56, 3)
1, ('1 NEPHI', 5, 10)
1, ('ALMA', 62, 37)
1, ('HELAMAN', 4, 11)
1, ('ALMA', 62, 3)
1, ('MORMON', 4, 12)
1, ('ALMA', 62, 21)
1, ('ALMA', 62, 30)
1, ('2 NEPHI', 1, 1)
1, ('ALMA', 43, 35)
1, ('MOSIAH', 1, 4)
1, ('MOSIAH', 29, 20)
1, ('ALMA', 52, 28)
1, ('HELAMAN', 10, 17)
1, ('HELAMAN', 5, 23)
1, ('1 NEPHI', 5, 14)
2, ('ALMA', 61, 15)
2, ('ALMA', 44, 8)
2, ('MORMON', 2, 1)
2, ('ALMA', 16, 1)
2, ('ALMA', 27, 1)
2, ('ALMA', 43, 3)
2, ('ALMA', 62, 16)
2, ('HELAMAN', 15, 9)
2, ('ALMA', 63, 15)
2, ('ETHER', 8, 27)
2, ('1 NEPHI', 22, 14)
2, ('ETHER', 14, 22)
2, ('2 NEPHI', 13, 25)
2, ('HELAMAN', 2, 11)
2, ('1 NEPHI', 12, 3)
2, ('JAROM', 1, 13)
2, ('ETHER', 10, 27)
2, ('ALMA', 44, 10)
2, ('ETHER', 11, 4)
2, ('ALMA', 44, 19)
2, ('1 NEPHI', 9, 4)
2, ('1 NEPHI', 12, 21)
2, ('HELAMAN', 4, 26)
2, ('ALMA', 16, 12)
2, ('MOSIAH', 20, 15)
2, ('ALMA', 54, 5)
2, ('ETHER', 13, 16)
2, ('ETHER', 13, 25)
2, ('HELAMAN', 6, 17)
2, ('ALMA', 50, 1)
2, ('MORMON', 6, 9)
2, ('ALMA', 52, 7)
2, ('ALMA', 51, 9)
2, ('HELAMAN', 2, 13)
2, ('ALMA', 62, 39)
2, ('ALMA', 51, 18)
2, ('ALMA', 52, 25)
2, ('MOSIAH', 20, 8)
2, ('ALMA', 2, 15)
2, ('2 NEPHI', 26, 2)
2, ('HELAMAN', 11, 24)
2, ('MOSIAH', 10, 6)
2, ('HELAMAN', 4, 3)
2, ('JAROM', 1, 8)
2, ('ALMA', 62, 41)
2, ('ALMA', 50, 21)
2, ('ALMA', 44, 14)
2, ('2 NEPHI', 25, 12)
2, ('OMNI', 1, 24)
2, ('ENOS', 7, 24)
2, ('ALMA', 52, 39)
2, ('JACOB', 3, 13)
2, ('HELAMAN', 3, 22)
2, ('MORMON', 1, 8)
2, ('1 NEPHI', 14, 16)
2, ('ETHER', 10, 15)
2, ('ALMA', 60, 16)
2, ('HELAMAN', 2, 17)
2, ('ALMA', 24, 4)
2, ('ALMA', 51, 22)
2, ('2 NEPHI', 17, 1)
2, ('OMNI', 1, 17)
2, ('ALMA', 53, 19)
2, ('ALMA', 26, 32)
2, ('ALMA', 51, 31)
2, ('ALMA', 57, 1)
2, ('HELAMAN', 11, 1)
2, ('MORONI', 1, 2)
2, ('ALMA', 56, 54)
2, ('ALMA', 52, 32)
2, ('ALMA', 24, 25)
2, ('ETHER', 14, 21)
2, ('ALMA', 4, 1)
2, ('MORMON', 1, 10)
2, ('HELAMAN', 12, 2)
2, ('MOSIAH', 10, 1)
2, ('ALMA', 45, 11)
2, ('MOSIAH', 29, 14)
2, ('ETHER', 10, 8)
2, ('1 NEPHI', 12, 2)
2, ('OMNI', 1, 10)
2, ('ALMA', 2, 12)
2, ('ALMA', 25, 14)
2, ('ALMA', 55, 24)
2, ('ALMA', 56, 56)
2, ('HELAMAN', 3, 17)
2, ('JACOB', 7, 24)
2, ('MOSIAH', 29, 7)
2, ('ALMA', 60, 2)
2, ('OMNI', 1, 3)
2, ('ALMA', 53, 14)
2, ('MORMON', 8, 8)
2, ('ALMA', 3, 25)
2, ('ALMA', 2, 14)
2, ('ALMA', 55, 17)
2, ('ALMA', 57, 14)
2, ('ALMA', 24, 20)
2, ('ALMA', 52, 36)
2, ('JACOB', 7, 26)
2, ('ALMA', 56, 6)
2, ('ALMA', 43, 18)
2, ('ALMA', 54, 18)
2, ('ALMA', 53, 7)
2, ('ALMA', 53, 16)
2, ('ALMA', 55, 1)
2, ('2 NEPHI', 6, 34)
2, ('ALMA', 57, 16)
2, ('ENOS', 7, 23)
2, ('2 NEPHI', 12, 4)
2, ('ALMA', 52, 38)
2, ('ALMA', 62, 15)
2, ('1 NEPHI', 22, 13)
2, ('ETHER', 13, 22)
2, ('ALMA', 54, 20)
2, ('MOSIAH', 29, 23)
2, ('ALMA', 24, 6)
2, ('MORMON', 8, 30)
2, ('1 NEPHI', 19, 4)
2, ('HELAMAN', 3, 14)
2, ('MOSIAH', 20, 14)
2, ('ALMA', 43, 4)
2, ('ETHER', 13, 15)
2, ('HELAMAN', 7, 5)
2, ('HELAMAN', 7, 14)
2, ('ALMA', 62, 35)
2, ('ALMA', 62, 44)
2, ('MOSIAH', 9, 13)
2, ('ALMA', 52, 6)
2, ('JAROM', 1, 14)
2, ('ETHER', 15, 15)
2, ('HELAMAN', 11, 2)
2, ('ALMA', 44, 11)
2, ('ALMA', 55, 23)
2, ('ALMA', 44, 20)
2, ('ALMA', 48, 20)
2, ('ALMA', 60, 1)
2, ('ETHER', 10, 9)
2, ('ALMA', 35, 11)
2, ('ALMA', 23, 13)
2, ('ALMA', 45, 21)
2, ('ALMA', 55, 16)
2, ('MOSIAH', 29, 36)
2, ('ETHER', 11, 7)
2, ('ALMA', 49, 9)
2, ('ALMA', 24, 19)
2, ('ALMA', 48, 22)
2, ('ALMA', 56, 5)
2, ('ALMA', 43, 17)
2, ('ALMA', 35, 13)
2, ('1 NEPHI', 14, 15)
2, ('HELAMAN', 4, 4)
2, ('ALMA', 44, 6)
2, ('ALMA', 53, 18)
2, ('ALMA', 44, 15)
2, ('ETHER', 9, 12)
2, ('MORMON', 7, 4)
2, ('HELAMAN', 5, 51)
2, ('2 NEPHI', 13, 2)
2, ('ALMA', 52, 37)
2, ('ALMA', 48, 15)
2, ('ALMA', 56, 7)
2, ('ALMA', 3, 1)
2, ('ALMA', 35, 15)
2, ('ALMA', 28, 9)
2, ('ALMA', 1, 1)
3, ('2 NEPHI', 23, 1)
3, ('2 NEPHI', 24, 22)
3, ('2 NEPHI', 25, 10)
3, ('OMNI', 1, 15)
3, ('1 NEPHI', 10, 3)
3, ('1 NEPHI', 1, 13)
3, ('2 NEPHI', 23, 19)
3, ('2 NEPHI', 25, 15)
3, ('1 NEPHI', 20, 14)
3, ('2 NEPHI', 24, 4)
3, ('1 NEPHI', 20, 20)
